0
775
313
0
474
164
0
642
194
0
702
292
0
701
365
0
725
418
0
712
523
0
668
530
0
559
569
0
569
620
0
559
688
0
523
656
0
508
620
0
489
604
0
473
562
0
439
531
0
438
524
0
415
451
0
392
444
0
321
413
0
303
397
0
269
357
0
243
346
0
240
309
0
202
299
0
160
279
0
167
279
0
129
204
0
135
207
0
125
199
0
118
189
0
135
161
0
94
162
0
110
149
0
95
147
0
99
148
0
91
136
0
81
127
0
95
126
0
71
122
0
85
116
0
69
111
0
69
100
0
72
106
0
78
107
0
76
92
0
73
97
0
71
106
0
72
83
0
63
84
0
50
93
0
59
81
0
59
78
0
43
60
0
46
69
0
50
86
0
55
63
0
41
72
0
47
53
0
52
58
0
29
53
0
45
69
0
42
56
0
37
63
0
32
50
0
39
63
0
43
58
0
42
52
0
34
51
0
36
54
0
41
50
0
36
53
0
42
52
0
51
68
0
37
51
0
40
46
0
37
50
0
36
41
0
48
41
0
40
48
0
38
44
0
35
44
0
32
36
0
37
42
0
35
42
0
21
43
0
30
45
0
33
34
0
31
42
0
37
36
0
46
40
0
31
45
0
39
44
0
39
49
0
35
42
0
38
49
0
41
45
0
42
35
0
47
53
0
39
64
0
44
70
0
41
46
0
54
48
0
39
48
0
36
55
0
51
60
0
55
53
0
55
68
0
55
55
0
52
66
0
56
80
0
62
67
0
45
83
0
66
77
0
50
70
0
73
80
1
78
91
0
64
58
1
68
79
1
65
75
2
70
73
1
61
79
2
59
76
3
69
60
8
67
58
4
76
81
7
57
80
4
63
74
5
61
89
5
60
82
11
64
94
8
73
89
16
65
83
18
69
79
10
64
77
20
68
58
22
80
76
17
69
70
43
67
71
36
92
77
41
65
66
44
71
60
47
60
70
59
70
76
65
66
65
84
73
70
107
63
64
127
52
74
129
49
69
141
51
56
171
67
77
216
76
81
237
67
58
251
60
74
251
64
88
278
69
59
297
64
93
288
64
77
306
69
68
304
77
73
315
71
85
280
88
85
303
91
82
319
94
70
295
71
61
314
91
67
276
93
59
307
75
65
262
79
62
233
76
71
233
85
61
237
62
70
200
68
63
193
67
79
179
69
57
189
58
83
179
68
64
209
66
72
172
66
61
177
57
71
202
64
67
212
55
72
219
55
43
217
52
48
216
72
40
224
70
50
241
59
27
254
76
28
226
71
36
237
60
23
220
67
21
229
64
20
194
61
15
217
58
23
222
63
13
209
54
21
205
69
17
219
55
10
198
54
19
197
63
16
198
43
11
186
44
16
159
46
13
155
44
9
148
39
13
139
29
14
115
43
14
106
43
15
94
28
10
106
30
16
84
23
18
96
35
10
76
29
11
89
25
8
86
36
14
79
29
18
83
17
13
79
21
7
71
23
14
67
25
12
73
21
15
94
15
11
70
17
13
69
15
18
60
18
16
58
10
11
67
16
21
78
18
17
80
14
10
76
21
13
81
15
17
98
19
17
102
20
19
116
15
20
130
13
25
110
17
19
116
19
17
150
22
20
136
19
13
159
27
27
178
22
25
175
27
24
199
17
23
196
26
34
213
29
33
241
26
28
236
33
38
289
30
38
311
26
64
364
34
56
409
57
120
487
85
219
652
142
117
609
307
648
1266
911
134
60284
57105
57218
0
664
1545
0
520
666
0
688
846
0
744
1035
0
792
1200
0
871
1447
0
861
1556
0
896
1645
0
936
1630
0
1023
1714
0
979
1680
0
1016
1444
0
1027
1333
0
1034
1254
0
1091
1073
0
1145
1037
0
1129
1033
0
1167
905
0
1080
896
0
1089
818
0
1121
839
0
976
749
0
982
735
0
1010
681
0
943
653
0
917
623
0
942
592
0
878
575
1
880
514
1
908
510
1
850
542
6
852
531
5
824
528
3
837
522
12
795
600
6
847
646
12
825
638
4
790
628
7
814
687
8
820
684
10
726
774
9
700
691
11
703
682
7
665
665
7
625
661
10
535
627
10
519
588
11
461
587
11
437
460
23
408
464
19
362
397
13
345
386
14
326
330
10
307
280
7
239
279
19
236
240
13
239
214
19
181
221
11
155
192
19
151
160
25
155
160
19
152
133
10
134
138
29
118
145
18
109
150
29
103
141
25
110
128
32
98
138
30
109
139
44
103
136
39
107
139
47
92
151
29
115
136
43
107
135
38
103
148
43
107
124
34
97
141
48
98
155
43
88
163
49
96
154
53
88
180
56
94
161
45
74
141
51
110
141
44
105
139
50
88
160
49
95
155
39
102
126
56
111
118
59
115
141
56
106
137
58
118
126
52
135
122
65
112
147
76
125
157
79
129
137
65
117
133
61
111
133
67
145
138
76
129
125
68
115
141
58
126
139
86
115
124
71
126
125
71
130
133
66
129
148
83
118
150
67
97
132
79
114
118
76
120
106
67
87
129
62
89
112
53
109
134
68
91
123
66
98
109
89
96
124
94
86
105
105
75
81
123
102
104
117
85
100
126
89
97
142
99
87
174
98
84
217
91
82
219
86
81
254
70
88
251
92
77
315
85
70
349
81
78
422
73
68
453
94
71
551
81
69
599
97
79
665
80
62
757
90
68
734
99
76
782
96
71
862
100
84
899
85
68
904
92
82
889
88
66
904
86
65
880
99
74
878
107
60
825
105
73
811
89
71
811
110
78
752
102
73
717
90
68
646
89
92
672
99
95
623
102
90
594
97
89
596
98
87
597
110
87
564
101
88
548
120
112
536
141
108
508
145
95
510
144
118
577
120
99
508
148
111
529
149
124
551
154
121
529
148
118
515
163
110
511
169
138
524
148
153
472
141
141
458
160
131
473
138
139
463
154
110
435
165
100
400
170
111
395
142
104
417
162
94
414
160
64
404
157
84
406
143
48
427
144
59
409
133
58
399
160
53
414
148
42
404
145
40
416
124
51
412
100
34
423
92
43
456
103
49
442
95
33
441
77
32
412
83
45
462
81
35
466
65
34
456
74
29
449
71
33
422
64
41
426
46
40
381
58
44
351
50
27
355
54
30
312
44
48
246
56
56
259
45
46
265
38
45
263
37
34
226
50
47
220
42
36
215
56
34
197
47
45
167
29
38
188
41
44
189
45
35
190
42
32
213
35
42
187
36
28
192
39
42
212
37
41
194
41
31
166
45
28
188
56
35
173
34
29
179
27
34
188
30
30
182
31
34
169
27
25
152
25
22
187
45
31
181
34
31
201
24
18
209
29
22
207
28
34
228
28
24
195
24
35
221
28
39
275
34
22
285
19
38
258
19
33
273
26
48
247
33
28
256
48
45
331
28
23
301
28
51
308
27
43
313
27
63
323
32
65
302
34
42
354
42
62
410
38
39
389
22
85
463
46
82
511
63
176
631
115
311
769
186
127
682
339
858
1348
914
115
22117
19612
19192
0
2
0
0
2
0
0
4
1
0
1
0
0
7
0
0
8
0
0
5
1
0
6
0
0
9
1
0
5
1
0
6
1
0
4
3
0
10
8
0
8
11
0
12
21
0
36
52
0
39
59
0
64
62
0
77
77
0
96
89
0
98
121
0
124
124
0
151
113
0
154
118
0
155
145
0
217
170
0
225
194
0
279
212
0
279
266
0
302
288
0
318
266
0
327
336
0
356
340
0
333
363
0
391
434
1
367
410
0
373
462
0
378
460
0
412
524
0
369
520
1
383
533
1
342
550
0
312
489
2
312
520
1
290
496
1
272
532
1
257
520
2
278
495
5
262
493
5
248
510
13
258
478
14
237
460
11
278
444
22
257
433
23
256
450
38
276
394
40
268
355
41
263
354
55
300
369
55
298
311
84
271
383
81
244
325
85
203
298
95
235
306
89
229
290
104
229
261
90
222
286
108
235
281
85
219
287
109
228
278
85
225
245
109
223
283
101
194
277
121
226
301
102
219
295
97
220
237
105
206
248
104
196
277
130
216
254
98
198
245
88
206
223
105
190
234
96
192
216
87
182
204
83
170
209
62
145
186
70
139
178
56
126
166
63
116
146
48
96
144
44
93
159
63
80
128
53
87
144
56
86
105
41
74
100
57
76
95
53
71
116
59
83
94
70
72
94
84
79
85
97
64
79
98
69
90
139
52
70
124
73
72
147
59
62
134
62
55
149
61
74
160
66
76
150
56
49
155
66
70
124
66
74
119
51
62
111
59
54
91
61
52
70
60
83
63
64
70
51
51
68
36
56
53
43
60
72
29
49
53
16
36
54
13
52
56
17
49
56
15
74
60
7
62
60
11
65
47
13
65
54
14
74
65
17
67
51
22
82
46
22
95
50
33
96
55
35
109
43
44
130
51
55
125
45
64
159
48
71
152
49
70
156
42
70
165
55
90
162
55
78
147
49
88
166
35
83
157
45
107
179
41
93
166
44
100
172
43
99
184
44
100
141
32
111
180
33
118
158
46
147
144
39
143
160
48
157
144
55
188
118
49
214
128
38
228
118
51
263
103
43
244
113
41
282
91
39
274
95
46
294
100
36
309
110
37
271
99
27
293
92
28
266
93
36
252
96
16
287
90
15
248
108
18
255
110
21
256
110
9
254
120
18
244
136
13
262
150
16
236
160
17
238
157
14
246
168
11
285
145
10
305
148
10
293
136
15
324
138
9
340
114
9
356
94
13
353
108
18
376
99
12
405
73
11
412
53
14
421
51
11
468
31
15
474
40
11
443
27
13
484
33
6
486
23
14
529
13
10
526
18
6
489
22
16
497
13
12
454
11
14
458
20
5
416
13
8
403
11
10
392
8
13
326
11
8
307
6
8
248
8
10
212
9
16
201
13
14
164
17
14
173
10
14
130
13
9
148
13
10
123
12
15
123
12
10
111
13
10
112
11
11
95
14
8
85
7
16
86
10
7
92
9
12
91
11
10
105
8
11
102
9
13
72
8
14
82
19
16
81
10
15
71
13
12
62
12
24
50
12
20
58
19
17
62
16
19
30
16
16
46
22
28
35
17
17
29
16
21
31
15
20
30
14
29
27
16
28
23
19
29
33
26
26
26
29
34
27
23
50
34
24
24
35
35
50
32
22
31
28
22
56
32
35
70
45
31
53
35
27
94
75
26
53
81
44
137
103
62
96
83
54
314
221
120
486
587
251
159
237
570
1255
1471
1700
204
52000
51763
51443
