235808
238177
235195
3837
4855
1197
1811
3416
3174
2208
2977
1717
1617
2609
2729
1103
2173
2133
1212
1853
1344
1137
1724
1101
1004
1537
815
960
1456
752
943
1586
679
1042
1754
712
774
1756
615
924
1640
537
846
1574
564
680
1476
506
603
1408
603
640
1364
595
714
1179
662
755
1240
662
744
1236
596
709
1169
575
751
1153
627
691
1150
586
709
1228
562
710
1257
551
750
1164
613
757
1127
728
807
1161
689
811
1091
781
823
1114
894
856
981
903
812
923
1158
821
857
1353
896
705
1026
946
733
1207
919
726
1301
1001
707
1265
936
567
1094
870
544
1063
865
480
1230
957
467
1342
943
439
1504
912
370
1212
928
350
1242
892
369
1094
899
357
1027
872
362
988
889
343
1032
724
313
906
734
300
837
755
307
805
689
296
805
629
274
741
586
289
748
618
278
679
569
243
664
562
241
647
563
249
562
527
255
525
538
236
522
472
239
465
467
241
463
441
211
471
458
206
456
434
232
465
354
224
452
399
219
364
398
212
402
413
212
368
411
214
412
345
186
373
304
212
329
338
186
336
297
170
349
294
152
314
260
150
274
283
134
276
269
129
273
282
123
300
292
117
282
262
118
266
223
121
260
226
102
244
241
120
243
212
113
284
222
103
248
212
91
244
223
106
249
192
107
247
175
110
279
175
114
245
180
99
254
187
91
243
214
107
273
174
101
264
171
103
296
191
102
292
180
101
232
136
98
226
176
93
213
177
94
190
149
101
217
141
107
189
123
92
184
145
100
175
125
113
186
141
88
195
151
106
182
132
102
165
141
109
155
147
108
159
130
95
161
124
99
156
130
93
140
142
98
130
131
88
130
108
84
123
132
76
133
133
85
101
140
83
102
125
77
160
132
72
130
137
73
155
135
60
115
131
58
107
129
73
120
124
77
109
132
66
121
137
66
113
115
78
112
116
85
102
116
65
101
117
60
100
122
65
107
102
67
100
97
59
103
100
72
88
106
62
95
112
55
102
124
64
91
113
65
96
87
52
90
95
52
91
103
69
103
84
44
98
115
50
85
92
45
87
103
46
89
117
44
84
108
57
65
108
44
75
115
59
98
88
40
91
124
52
82
120
40
72
104
44
69
101
45
70
100
43
62
106
57
82
84
50
76
92
45
68
84
52
74
90
34
79
113
34
60
95
38
73
93
44
79
82
44
65
97
65
61
97
56
65
90
44
56
95
62
78
80
35
58
91
54
54
90
44
58
83
37
60
96
46
54
98
34
60
74
42
48
102
43
58
66
42
56
81
34
54
99
29
49
77
39
46
97
45
49
81
42
54
88
31
45
82
32
55
88
34
51
75
29
49
113
41
42
67
32
50
81
41
40
77
36
45
83
29
45
77
36
48
81
26
43
99
27
41
85
38
40
91
26
48
89
38
32
102
25
53
86
26
41
98
33
31
81
40
40
88
36
56
75
39
51
84
42
47
97
36
35
83
35
43
100
35
46
93
34
52
90
46
60
94
37
43
109
42
55
113
30
42
104
30
55
99
30
52
88
47
43
103
41
47
120
43
53
105
45
45
128
41
57
94
45
58
107
38
59
111
45
53
113
36
66
103
40
63
112
46
42
87
62
66
91
47
52
83
50
52
82
58
46
75
55
51
91
50
54
97
67
46
72
63
38
90
65
40
69
69
38
77
87
38
65
78
45
67
70
57
89
81
52
67
85
51
57
106
54
63
106
46
77
115
49
55
131
54
67
150
43
57
133
47
56
95
28
52
102
30
47
97
29
41
90
22
39
67
29
359
331
154
