7
0
114
1
2
31
3
2
47
4
7
50
10
7
68
6
8
70
10
20
83
15
25
82
15
34
103
12
46
107
25
55
126
19
91
133
29
104
159
20
153
176
40
175
179
42
227
192
41
261
264
60
303
266
69
314
318
73
367
371
81
383
346
101
379
395
143
492
383
136
470
413
192
477
417
192
580
464
253
569
474
266
682
494
344
638
540
340
765
589
390
703
647
411
756
675
403
787
709
424
832
733
458
794
735
463
770
717
468
814
703
480
708
754
492
702
799
545
727
729
512
705
761
543
669
701
501
717
759
599
747
666
607
789
737
598
861
692
663
1054
698
649
977
742
690
1036
798
629
962
1089
639
831
959
691
892
897
731
840
1064
775
959
965
833
1101
915
1029
1664
819
950
1362
898
981
1180
853
928
1212
871
1013
1291
912
1638
1538
967
1103
1507
1529
987
2395
1121
1201
4523
1275
1108
3327
1338
1505
2361
1252
1672
1888
1555
1524
1994
1747
2132
1878
2005
1896
1657
2725
3178
2025
4295
2482
1668
2760
4339
1468
3118
2548
1584
2937
3248
1926
2369
4110
2099
2132
4167
3294
1640
4951
3267
1795
4318
3058
1892
5393
2741
2535
8608
2713
4479
8494
4410
3602
8089
4549
4742
36102
7278
9267
10875
41429
11591
9147
14204
9500
5465
8748
46315
6967
7150
9341
4977
2944
8136
4492
2118
4348
4062
1535
4626
4117
1202
3112
3566
1246
3475
3950
1883
4805
4124
3299
2133
4354
4317
1468
4411
3251
1347
4221
5343
1386
4692
8078
1953
3857
5200
2505
4474
3903
5776
7685
3127
16368
4317
2663
4146
5477
2401
4279
6761
1989
2829
7468
2190
2693
4718
4952
2091
4612
5791
1825
3720
8225
1734
4549
5397
1883
5602
6777
2471
4987
5062
4347
4875
3545
4009
5944
2876
3319
6073
2610
4345
6201
2878
3697
7816
4302
4622
8084
5757
4767
8461
15006
9254
11994
6050
5736
23207
4290
5418
4256
4496
5881
4606
3671
5763
3828
3752
6095
2492
3828
4919
5327
3828
3404
2188
2576
4173
1607
2151
2670
1367
2203
1974
1288
2270
1798
1384
2351
1824
1394
2107
1779
1433
2433
1708
1622
2475
1653
1993
4231
1708
2091
3317
1743
2142
2626
2141
1279
2183
2441
1210
1956
1689
1255
1866
1697
1436
1829
1880
1738
1788
1292
911
2095
924
822
2133
826
838
2468
951
710
2968
913
640
3906
750
651
3821
582
731
2141
512
858
2567
548
646
2339
621
661
2169
546
624
2258
858
779
1726
644
908
1964
1021
1403
2378
946
954
2653
1684
1639
1958
1625
2294
1980
2079
1286
2280
1268
1068
2200
951
2006
2304
784
1105
2238
865
1044
2820
805
960
1784
857
1282
2633
933
1178
6167
909
1255
6843
944
1192
13724
1127
985
27217
1242
2289
4621
1543
1032
5932
3267
638
2652
3679
707
1593
2076
726
1258
1841
1144
1308
1489
4253
1759
1766
1112
2279
926
666
2198
891
590
1338
1022
462
868
1581
369
571
1871
315
601
2204
317
889
4840
325
957
1777
295
1056
1221
267
1290
1298
288
4262
1247
238
899
1128
289
487
983
326
342
1209
275
380
1429
261
212
1685
289
127
2262
284
113
1212
288
126
1424
359
128
2166
404
136
3332
448
206
5194
524
150
6868
571
102
10145
533
91
9420
639
115
23457
774
110
4206
727
111
8565
726
73
3171
851
60
2009
1078
72
1380
1584
54
1081
1706
68
1075
4007
59
1230
12737
51
638
2581
66
377
3894
73
243
2529
79
134
2004
46
89
2238
59
77
2461
66
87
2374
70
49
2680
73
69
2984
69
75
2925
67
72
1876
72
101
1446
68
125
1037
70
180
870
92
277
682
106
477
533
148
970
549
315
1827
973
571
5256
1480
1143
49328
3672
3271
58977
438948
438627
443330
49140
46976
4322
44131
9356
3958
15971
42386
1406
8444
14916
879
2431
8152
613
1604
2134
433
1807
2639
409
1518
879
419
730
561
396
593
478
415
479
414
405
437
474
409
450
485
333
563
625
311
798
819
327
1223
1283
346
1848
1006
383
746
1248
889
488
329
812
418
180
1106
321
109
219
255
113
119
1131
28
118
