5
0
18
0
0
8
2
0
10
2
1
10
4
0
12
3
1
13
6
3
11
8
4
17
12
8
21
7
9
30
15
14
37
13
19
27
11
22
29
7
33
30
16
38
37
19
55
49
14
55
50
14
72
66
22
75
86
18
94
95
29
113
78
21
95
105
42
136
101
37
136
98
36
130
113
47
145
108
62
127
94
44
146
101
64
140
115
54
167
118
50
179
151
88
168
172
88
183
192
73
192
185
78
178
176
116
149
174
111
156
154
101
148
167
123
132
145
127
132
142
113
119
143
127
113
123
108
130
140
116
104
126
141
121
120
120
131
98
122
109
126
125
111
116
130
124
106
106
108
130
114
119
105
117
112
105
156
115
123
121
107
112
148
121
107
134
108
116
113
104
112
132
116
138
132
105
111
131
114
105
136
108
106
117
112
119
120
126
130
135
128
123
135
141
122
187
112
116
370
99
116
224
144
149
217
178
173
209
283
265
301
693
409
302
503
561
868
569
708
312
671
903
561
777
893
1227
893
600
1115
1545
457
821
979
478
603
948
662
691
869
1236
1818
1035
2034
1639
1944
1518
1153
1320
1834
18144
1796
3932
4766
23156
4551
2766
7160
3814
1766
2682
24487
2838
1702
4104
1095
715
2078
1463
377
843
1240
235
458
1446
205
362
1159
291
246
1347
496
209
1125
1506
202
1498
1902
200
1438
889
256
1016
1030
252
1085
1868
362
1172
1115
461
1253
705
1117
1432
620
3717
1482
722
799
1650
726
959
2149
735
493
2334
463
521
1493
360
366
1418
591
376
1442
702
338
1761
632
413
2396
467
793
1457
417
1322
1281
335
1301
1582
256
842
2680
200
1045
2844
255
504
3046
432
436
2745
1056
326
2875
3491
524
5126
1319
415
10536
775
217
1359
585
240
1429
517
263
1658
465
366
881
428
284
3818
422
235
700
338
334
348
303
240
256
292
164
212
310
129
227
340
83
217
362
70
170
380
64
214
458
52
186
482
45
265
397
50
165
419
38
200
394
44
149
527
43
95
516
57
86
552
56
90
522
77
74
615
84
49
814
130
58
790
219
41
1152
168
46
1334
147
35
1092
96
39
629
99
43
756
143
62
1048
149
82
984
148
96
1228
218
164
810
265
269
842
267
680
1058
323
338
1113
336
583
772
289
1016
695
216
414
789
247
318
955
323
734
1057
342
342
1067
487
216
1517
449
140
730
474
129
1155
589
120
2353
553
177
2097
568
147
5659
683
223
12244
647
209
2005
650
138
4347
1641
123
1429
1130
104
649
661
105
291
985
85
244
941
72
220
1294
68
322
560
46
206
511
42
168
523
41
95
721
43
43
801
54
31
882
40
20
492
33
13
653
34
14
462
41
10
508
53
10
433
36
16
494
56
7
407
59
15
598
54
11
750
48
9
928
54
10
1312
30
10
513
37
10
549
26
13
869
36
8
1342
30
16
1777
35
9
2222
34
12
4520
39
9
3722
53
11
10801
64
10
1248
61
11
4701
110
6
888
167
10
404
242
12
231
462
8
144
417
11
77
1140
9
40
3299
11
30
601
14
27
1015
16
10
630
17
11
383
5
9
390
7
13
307
12
10
214
12
13
195
14
11
138
11
16
96
15
14
61
11
19
33
10
25
31
11
42
29
18
69
26
23
110
63
30
276
87
58
551
197
120
1834
335
254
22402
1014
939
13865
177250
177137
177141
11804
10808
1086
20397
3120
644
4228
19907
266
1303
3758
168
608
1166
121
325
498
99
571
614
97
130
127
110
138
96
117
65
107
88
85
82
109
76
115
98
81
107
68
80
109
55
85
122
44
93
103
31
93
68
21
82
43
14
82
30
6
78
18
4
61
8
1
44
3
2
200
1
1
2
0
53
1
1
19
1
1
28
2
5
24
6
5
45
3
2
39
4
10
52
6
11
52
3
15
62
5
24
59
9
32
68
5
53
77
17
57
92
13
83
104
23
105
96
20
122
95
20
148
137
35
161
116
36
164
146
41
171
177
42
172
150
57
207
160
81
264
172
67
226
182
115
243
164
111
286
212
141
290
221
183
361
239
206
352
266
227
378
303
253
337
339
249
372
333
234
358
321
266
329
331
290
318
307
259
308
289
246
345
296
278
293
308
263
268
344
289
283
280
277
266
292
260
258
262
230
271
271
264
253
247
236
240
278
240
263
265
266
248
250
252
223
219
262
248
236
264
233
256
270
213
245
254
239
215
231
199
250
249
254
246
279
277
249
254
285
228
252
257
231
271
265
231
226
236
268
221
234
245
264
229
272
242
248
255
262
306
242
279
340
244
244
307
216
251
283
225
288
233
233
276
278
260
304
243
276
381
227
278
373
202
331
395
249
290
1295
228
273
661
243
261
966
260
246
1453
340
254
1680
848
269
2686
697
330
2462
633
420
2807
571
508
4437
713
1357
5113
1525
1165
4806
2016
1835
16325
2693
3681
4778
16894
4785
4026
5310
4145
2689
4525
19043
3036
4483
3630
2784
1618
2840
2148
1304
1856
1983
939
2523
1897
610
1529
1575
603
2093
1893
1086
3866
2064
1490
1203
1903
2042
835
2111
1587
697
2323
2518
671
2818
4577
1012
2141
3035
1370
2563
2478
3725
5546
1950
11336
2295
1442
2564
3135
1335
2640
3998
1009
1916
4380
1461
1806
2738
4248
1371
2357
4730
1110
1831
7048
1039
2333
4481
1184
2626
6070
1463
3106
4396
2664
2874
2897
2470
3548
2231
2253
2409
2125
3066
2846
2318
2918
3805
3323
3803
4721
3536
4059
4391
10660
8220
6110
3994
4918
12009
3150
4763
2463
3503
5052
2834
2771
4761
1900
2993
5213
1381
3152
3685
1315
3193
2640
1335
2035
3073
1098
1683
2073
979
1765
1489
924
1762
1396
1009
1812
1460
966
1551
1353
1006
1847
1248
1116
1843
1188
1479
3576
1217
1338
2758
1281
1582
2033
1578
787
1602
1793
781
1239
1109
869
1138
1225
1039
1060
1485
1352
1034
926
545
1249
587
511
1084
523
461
1424
578
375
1564
620
362
2242
510
402
2144
388
434
1044
347
545
973
342
277
851
414
277
855
347
225
707
593
251
657
336
303
870
714
386
900
582
370
935
1299
817
685
1306
1062
747
1823
650
852
978
541
653
589
1054
630
413
561
705
347
607
917
316
490
796
352
465
1268
303
694
3535
319
625
3758
315
494
7072
383
414
13909
515
1153
2183
803
507
1338
1508
314
1043
2175
401
765
879
451
740
666
938
759
458
4048
1045
405
948
1372
301
524
1519
319
457
752
430
328
354
722
235
236
833
180
337
1083
200
536
4201
196
414
1017
158
542
683
140
1022
731
150
4043
673
138
658
410
140
306
407
182
184
488
141
130
579
142
100
678
144
88
870
136
81
607
109
85
751
131
83
1101
109
61
1814
106
36
3126
109
37
3538
112
20
4656
118
17
4966
124
16
11534
136
14
2167
159
19
3129
237
12
1557
330
13
1005
514
18
524
781
15
426
989
15
429
2461
15
562
8935
9
255
1702
21
152
2422
16
143
1582
22
53
1407
13
28
1610
17
28
1891
23
30
1992
26
12
2294
23
22
2609
21
19
2584
21
27
1435
11
29
992
15
43
626
24
64
517
30
121
419
30
200
289
46
431
231
108
760
376
167
2025
604
405
19199
1438
1146
21201
38075
37926
43538
13803
12954
2000
17564
3706
2023
9745
17094
695
6406
9492
409
1362
6435
307
972
1291
189
975
1386
192
813
549
166
438
288
144
372
210
185
214
192
153
191
178
164
162
162
112
162
158
84
168
184
45
179
156
52
166
102
18
189
88
14
160
52
5
134
29
2
117
17
2
99
5
1
531
2
0
0
0
43
0
1
4
0
1
9
0
1
16
0
2
11
0
5
18
0
7
20
1
10
13
0
11
20
0
13
18
1
9
21
1
19
29
1
25
38
0
37
42
1
32
46
3
50
48
7
58
77
11
70
84
11
75
86
14
102
99
10
98
118
23
77
130
20
92
110
32
108
133
41
104
140
34
149
144
50
152
159
39
175
154
74
146
159
59
220
168
87
187
157
74
216
170
81
246
196
85
311
217
90
298
252
88
313
254
111
313
253
101
267
279
106
302
310
129
312
307
122
320
326
156
298
316
163
316
348
219
390
293
230
428
339
238
467
329
275
697
322
272
643
407
298
664
456
259
621
703
255
499
609
320
541
577
344
526
691
405
598
607
406
703
559
641
1271
475
585
1001
555
578
799
484
570
871
492
661
943
562
1238
1201
589
744
1147
1155
605
1963
749
787
4055
908
729
2879
1000
1067
1966
911
1014
1556
1206
1024
1572
1338
1611
1457
1556
1306
1147
2182
2504
1130
3555
1785
916
1909
2176
671
2137
1575
670
1773
1721
889
1230
1430
866
1278
1372
901
914
1444
1591
987
1253
1477
810
1895
1301
791
2353
965
1088
1742
941
919
2130
1213
1073
1633
2789
1654
1331
1379
2255
2355
1734
1541
1010
1541
2785
1093
965
1607
1098
611
3218
881
437
1649
839
361
1645
774
387
1221
832
352
1136
710
301
730
935
303
728
953
373
433
862
775
394
882
1795
463
789
1633
579
544
1050
674
658
720
934
707
557
1315
540
499
783
692
340
680
614
245
420
754
266
366
487
344
354
837
470
339
447
475
357
455
284
286
580
240
215
424
249
361
720
313
238
814
389
224
984
285
234
511
305
275
965
547
383
618
1165
382
1195
855
510
758
737
403
662
365
438
434
408
589
343
383
739
270
294
516
230
248
950
194
213
529
153
203
766
161
165
357
132
146
321
152
198
273
148
199
281
211
194
356
257
206
396
292
174
413
328
173
446
488
162
412
395
174
525
292
187
604
280
190
537
291
212
415
311
217
339
296
232
289
292
231
253
262
235
173
319
254
154
294
252
125
232
330
93
214
585
98
258
468
66
270
838
63
307
440
58
302
330
51
303
323
47
364
259
43
336
252
40
337
420
41
246
605
49
239
501
30
216
538
40
222
639
43
209
592
39
218
617
29
202
466
31
221
386
40
330
258
31
688
210
41
364
279
37
453
988
61
551
993
61
348
1064
80
927
433
90
387
247
118
201
180
374
202
179
536
170
227
190
121
305
90
133
494
67
96
585
65
96
473
61
91
418
69
93
419
138
91
292
237
81
233
239
77
333
147
96
530
107
103
500
76
86
258
59
85
209
141
64
225
224
93
174
169
85
143
123
80
239
100
71
103
79
91
29
80
118
22
92
142
31
124
202
32
196
259
67
176
312
154
291
380
104
1108
425
70
969
376
65
732
462
88
1122
574
86
791
507
81
735
379
55
726
354
37
600
322
42
625
341
31
511
300
42
569
406
35
628
503
31
353
278
31
198
457
41
90
317
40
70
214
28
52
238
35
36
263
31
47
168
32
24
191
36
36
237
37
40
245
31
31
380
50
53
421
43
57
380
35
74
324
44
87
237
53
167
181
72
263
231
149
516
400
284
1397
541
484
7727
1220
1186
23911
221901
221842
220929
23533
23214
1236
6170
2530
1291
1998
5385
445
735
1666
302
461
551
185
307
345
145
261
639
120
575
203
143
154
177
135
156
161
142
180
140
143
170
181
147
207
216
153
321
358
172
545
513
238
951
1024
263
1589
836
344
475
1117
861
246
247
801
206
133
1100
143
84
216
112
105
116
400
25
117
